date,open,close,high,low,volume,volume.1
2022-03-28,79.8280630061568,78.61193235879738,80.7115767243239,77.52053305988507,58003.0,58003.0
2022-03-29,78.99652068317599,78.99652068317599,80.45171974839239,78.58074952168559,48765.0,48765.0
2022-03-30,79.80727444808227,82.50978699776987,83.92340894683723,79.78648589000775,79025.0,79025.0
2022-03-31,81.69903323286358,78.16497836019519,83.14383801904273,77.05279050320837,96278.0,96278.0
2022-04-01,76.917664875724,78.38325821997765,79.2563776591075,76.27321957541388,65015.0,65015.0
2022-04-06,79.36032044948008,76.17967106407853,79.36032044948008,75.1506374393898,64504.0,64504.0
2022-04-07,75.86784269296072,76.52268227230812,78.52877812649929,75.36891729917225,68784.0,68784.0
2022-04-08,76.27321957541388,75.70153422836457,77.8531499890774,75.2545802297624,55077.0,55077.0
2022-04-11,76.27321957541388,72.86389605119258,76.27321957541388,72.27142214606877,86678.0,86678.0
2022-04-12,73.6954383741734,74.00726674529119,75.62877427510377,72.85350177215534,59880.0,59880.0
2022-04-13,72.98862739963971,74.29830655833447,76.09651683178045,72.46891344777671,70958.0,70958.0
2022-04-14,76.917664875724,74.32948939544626,76.917664875724,73.18611870134765,57118.0,57118.0
2022-04-15,73.3836100030556,72.19866219280794,73.68504409513613,69.98468075787157,89219.0,89219.0
2022-04-18,72.24023930895699,73.66425553706162,74.11120953566379,70.4732118726228,49111.0,49111.0
2022-04-19,73.66425553706162,74.50619213907969,76.50189371423359,73.65386125802435,58495.0,58495.0
2022-04-20,74.82841478923473,72.1882679137707,74.82841478923473,71.6165825667214,45910.0,45910.0
2022-04-21,71.77249675228029,68.87249290088477,72.8119246560063,68.45672173939435,54495.0,54495.0
2022-04-22,68.53987597169244,67.24059109203493,69.60009243349295,66.523385838464,50748.0,50748.0
2022-04-25,65.483957934738,62.69829115275232,66.24274030445797,62.69829115275232,55953.0,55953.0
2022-04-26,63.394707848248736,61.50294906346742,64.01836459048434,61.22230352946139,67382.0,67382.0
2022-04-27,60.99362939064167,67.67715081159986,67.7187279277489,59.12265916393488,129665.0,129665.0
2022-04-28,66.4714144432777,67.88503639234506,70.53557754684635,65.79578630585578,123349.0,123349.0
2022-04-29,68.3943560651708,69.62088099156747,70.25493201284034,66.86639704669358,79111.0,79111.0
2022-05-05,69.48575536408309,69.44417824793406,70.8370116389269,68.35277894902175,61903.0,61903.0
2022-05-06,67.68754509063712,69.13234987681626,70.13020066439321,67.46926523085465,43478.0,43478.0
2022-05-09,69.0907727606672,69.25708122526336,69.92231508364802,68.58145308784148,25735.0,25735.0
2022-05-10,68.19686476346286,69.8495551303872,71.66855396190769,68.13449908923928,63431.0,63431.0
2022-05-11,70.0574407111324,73.90332395491859,75.75350562355086,69.88073796749897,109094.0,109094.0
2022-05-12,72.84310749311807,73.25887865460848,74.43343218581886,72.75995326082,49739.0,49739.0
2022-05-13,73.78898688550873,72.86389605119258,74.16318093085009,72.24023930895699,38715.0,38715.0
2022-05-16,73.279667212683,71.86604526361563,74.71407771982487,71.57500545057235,39951.0,39951.0
2022-05-17,71.72052535709399,73.10296446904957,73.77859260647148,71.4294855440507,48933.0,48933.0
2022-05-18,72.94705028349068,72.1362965185844,73.65386125802435,71.83486242650385,53044.0,53044.0
2022-05-19,70.8370116389269,74.63092348752679,75.31694590398595,70.74346312759155,76333.0,76333.0
2022-05-20,74.14239237277557,74.96354041671911,75.87823697199799,73.83056400165778,58567.0,58567.0
2022-05-23,74.66210632463857,74.42303790678159,75.63916855414101,73.31085004979478,46911.0,46911.0
2022-05-24,74.11120953566379,70.32769196610116,74.63092348752679,69.69364094482829,67969.0,67969.0
2022-05-25,70.30690340802663,69.22589838815159,70.93056015026222,68.12410481020204,62261.0,62261.0
2022-05-26,68.27635218439205,67.92779423029756,68.84019593366257,66.6463311637737,45331.0,45331.0
2022-05-27,68.02005957108727,69.43479479652964,71.95671411144862,67.94829763936194,78651.0,78651.0
2022-05-30,70.53172718147407,70.99305388542267,71.09557093074457,69.53731184185155,53227.0,53227.0
2022-05-31,71.48513570296784,71.55689763469317,71.89520388425548,69.12724366056392,54753.0,54753.0
2022-06-01,71.04431240808363,72.26426524741434,73.27918399610127,70.53172718147407,54315.0,54315.0
2022-06-02,71.92595899785205,76.7852669461106,79.31743796556177,71.4133737712425,145400.0,145400.0
2022-06-06,76.8877839914325,80.78343171366507,81.65482659890132,76.8877839914325,144583.0,144583.0
2022-06-07,81.8906158031417,81.37803057653215,81.98288114393142,80.38361523690962,92267.0,92267.0
2022-06-08,81.37803057653215,81.16274478135614,82.47496296147659,79.10215217038575,61549.0,61549.0
2022-06-09,80.68091466834316,78.11798853529542,80.9884658043089,77.60540330868587,79545.0,79545.0
2022-06-10,77.9027027401194,81.61381978077254,81.75734364422323,77.50288626336395,136939.0,136939.0
2022-06-13,82.62873852945945,85.49921579847295,87.22150215988103,82.01363625752799,169892.0,169892.0
2022-06-14,83.9409567095799,85.38644704861883,85.44795727581197,82.60823512039507,107927.0,107927.0
2022-06-15,85.80676693443867,83.85894307332238,87.52905329584675,83.55139193735664,105608.0,105608.0
2022-06-16,83.89994989145114,90.36877545126366,93.2905112429381,82.73125557478137,198438.0,198438.0
2022-06-17,93.00346351603676,96.49929476151388,98.5393839634199,92.2755924942512,269529.0,269529.0
2022-06-20,97.14515214704193,96.3660226025954,98.2933430546473,95.92519930771115,121864.0,121864.0
2022-06-21,94.7770084001058,93.69032771969354,96.33526748899882,92.31659931237996,78178.0,78178.0
2022-06-22,94.52071578680102,93.13673567495522,96.21224703461252,92.37810953957307,75604.0,75604.0
2022-06-23,95.34085214937627,96.41728112525637,97.30917941955695,93.49554533358192,129444.0,129444.0
2022-06-24,97.16565555610627,97.90377828242404,98.17032260026102,93.80309646954764,151318.0,151318.0
2022-06-27,98.58039078154864,95.914947603179,100.2411669157636,95.78167544426051,112324.0,112324.0
2022-06-28,95.433117490166,96.4685396479173,97.1759072606385,94.11064760551338,102275.0,102275.0
2022-06-29,95.64840328534204,92.44987147129844,96.32501578446664,91.75275556310945,119285.0,119285.0
2022-06-30,91.76300726764164,92.6138987438135,94.7770084001058,91.03513624585608,74177.0,74177.0
2022-07-01,92.51138169849158,92.70616408460322,94.2131646508353,92.0295515854786,53634.0,53634.0
2022-07-04,92.21408226705805,95.39211067203723,97.01187998812344,91.137653291178,128724.0,128724.0
2022-07-05,107.80692486052055,107.60189076987672,113.58888621667629,104.44436577396188,441055.0,441055.0
2022-07-06,110.20582372105324,107.13031236139594,110.62614360687309,105.16198509121529,168453.0,168453.0
2022-07-07,106.6177271347864,110.92344303830662,113.72215837559476,104.87493736431392,227841.0,227841.0
2022-07-08,113.37360042150029,107.17131917952472,114.8190907605392,106.4947066804001,159488.0,159488.0
2022-07-11,107.05855042967062,104.8031754325886,108.6578163366924,102.51704532191,119707.0,119707.0
2022-07-12,105.05946804589335,103.02963054851956,106.76125099823707,102.38377316299152,104762.0,104762.0
2022-07-13,103.33718168448527,105.18248850027965,106.56646861212543,102.01471179983264,132212.0,132212.0
2022-07-14,103.57297088872566,111.71282428728531,112.5329606498606,103.57297088872566,151177.0,151177.0
2022-07-15,112.15364758216954,110.2570822437142,114.3680157611228,109.69323849444368,104587.0,104587.0
2022-07-18,114.0092061024961,115.83400950922608,116.8694316669774,110.728660652195,189784.0,189784.0
2022-07-19,115.12664189650492,115.13689360103712,120.38576632151891,113.9066890571742,135643.0,135643.0
2022-07-20,115.45469644153503,113.9169407617064,115.80325439562952,113.5581311030797,75398.0,75398.0
2022-07-21,117.06421405308902,110.7184089476628,117.8946021201965,108.15548281461504,135501.0,135501.0
2022-07-22,111.7435794008819,107.24308111125004,112.7482464450366,104.69040668273448,149358.0,149358.0
2022-07-25,105.84884929487208,101.88143964091417,107.10980895233156,100.4667044154718,175357.0,175357.0
2022-07-26,102.41452827658809,101.44061634602994,103.39869191167844,99.60556123476776,114645.0,114645.0
2022-07-27,101.68665725480253,101.23558225538612,102.5067936173778,98.4163635090336,87618.0,87618.0
2022-07-28,101.79942600465662,96.55055328417484,102.47603850378124,94.84877033183112,165976.0,165976.0
2022-07-29,99.44153396225268,98.11906407760004,100.96903793754916,97.23741748783162,145211.0,145211.0
2022-08-01,98.10881237306786,100.5794731653259,101.0305481647423,96.94011805639808,115754.0,115754.0
2022-08-02,98.21132941838977,98.36510498637264,102.41452827658809,97.3911930558145,127165.0,127165.0
2022-08-03,99.44153396225268,96.44803623885292,101.3586027097724,96.06872317116184,100086.0,100086.0
2022-08-04,96.39677771619196,95.88419248958242,97.78075782803776,94.13115101457775,84728.0,84728.0
2022-08-05,96.3557708980632,95.85343737598583,97.33993453315354,93.99787885565928,91321.0,91321.0
2022-08-08,95.85343737598583,97.86277146429528,98.62139759967742,94.90002885449208,96437.0,96437.0
2022-08-09,97.90377828242404,101.05105157380667,102.5067936173778,96.67357373856112,128902.0,128902.0
2022-08-10,100.36418737014988,96.47879135244948,101.69690895933472,95.64840328534204,85744.0,85744.0
2022-08-11,96.86835612467274,99.1134794172226,99.49279248491364,94.72574987744484,96194.0,96194.0
2022-08-12,98.0678055549391,96.18149192101596,99.3390169169308,96.00721294396872,55789.0,55789.0
2022-08-15,95.34085214937627,96.6940771476255,98.90844532657876,94.72574987744484,82873.0,82873.0
2022-08-16,96.6940771476255,94.3156816961572,96.96062146546248,93.88511010580515,110900.0,110900.0
2022-08-17,94.63348453665512,91.49646294980468,94.82826692276674,88.67724420345215,213098.0,213098.0
2022-08-18,92.23458567612242,90.07147601983011,93.08547715229427,88.80026465783844,136400.0,136400.0
2022-08-19,90.06122431529792,87.17024363722007,90.1124828379589,86.97546125110844,96717.0,96717.0
2022-08-22,88.01088340885973,91.05563965492044,91.18891181383894,86.20658341119412,119929.0,119929.0
2022-08-23,90.2149998832808,90.79934704161568,91.75275556310945,89.7536731793322,84373.0,84373.0
2022-08-24,91.44520442714372,86.77042716046462,91.75275556310945,86.26809363838727,90327.0,90327.0
2022-08-25,87.23175386441322,86.01180102508249,87.58031181850771,84.57656239057575,59964.0,59964.0
2022-08-26,86.20658341119412,85.59148113926265,87.98012829526316,85.1916646625072,66580.0,66580.0
2022-08-29,84.01271864130524,85.25317488970035,85.58122943473047,83.55139193735664,73515.0,73515.0
2022-08-30,84.57656239057575,83.7154192098717,85.63248795739142,82.2494254617684,84599.0,84599.0
2022-08-31,83.7154192098717,80.60915273661783,84.18699761835249,80.1785811462658,92316.0,92316.0
2022-09-01,80.9884658043089,79.52247205620557,81.36777887199997,79.06114535225699,75065.0,75065.0
2022-09-02,79.9632953510898,78.52805671658305,80.44512546410277,78.07698171716665,67171.0,67171.0
2022-09-05,78.55881183017962,78.52805671658305,79.21492092023985,76.8877839914325,56309.0,56309.0
2022-09-06,79.21492092023985,79.77876466951035,79.99405046468637,76.9903010367544,89051.0,89051.0
2022-09-07,79.37894819275492,81.6650783034335,82.42370443881565,78.95862830693507,121160.0,121160.0
2022-09-08,82.09564989378552,79.55322716980216,82.1161533028499,79.2866828519652,73128.0,73128.0
2022-09-09,79.98379876015417,80.58864932755344,80.84494194085822,78.9381248978707,60245.0,60245.0
2022-09-13,82.21867034817181,80.0658123964117,82.70050046118479,79.34819307915834,96237.0,96237.0
2022-09-14,77.96421296731255,77.80018569479749,79.11240387491794,76.9903010367544,69680.0,69680.0
2022-09-15,77.98471637637692,74.499136835432,78.34352603500362,73.6892521773889,81010.0,81010.0
2022-09-16,74.21208910853065,72.674333428702,75.71908967476273,72.50005445165475,71203.0,71203.0
2022-09-19,72.889619223878,73.32019081423002,74.92970842578401,72.31552377007532,70783.0,70783.0
2022-09-20,74.0275584269512,73.7097555864533,75.2885180844107,73.43295956408413,79608.0,79608.0
2022-09-21,72.86911581481363,73.96604819975806,74.32485785838475,72.5718163833801,51935.0,51935.0
2022-09-22,73.7097555864533,73.44321126861632,74.63240899435047,72.12074138396368,57338.0,57338.0
2022-09-23,73.45346297314852,72.64357831510542,73.9250413816293,71.33136013498498,58655.0,58655.0
2022-09-26,71.76193172533699,73.04339479186088,74.67341581247925,71.25959820325964,88256.0,88256.0
2022-09-27,73.49446979127727,72.7871021785561,73.98655160882244,71.40312206671031,67292.0,67292.0
2022-09-28,72.72559195136294,69.48605331919059,72.72559195136294,68.33786241158519,100346.0,100346.0
2022-09-29,70.51122377240969,70.67525104492475,72.06948286130272,69.61932547810908,83378.0,83378.0
2022-09-30,70.32669309083025,67.6715016169928,70.89053684010076,67.56898457167087,87782.0,87782.0
2022-10-10,67.60999138979965,66.04148059637441,68.6864203656797,65.87745332385937,74215.0,74215.0
2022-10-11,66.65658286830588,66.9641340042716,68.06106638921605,65.74418116494087,78902.0,78902.0
2022-10-12,67.14866468585105,69.84486297781727,69.84486297781727,65.66216752868336,98323.0,98323.0
2022-10-13,69.4758016146584,69.30152263761116,70.58298570413503,68.89145445632352,83293.0,83293.0
2022-10-14,67.66124991246059,66.6360794592415,67.66124991246059,62.125329465077456,255855.0,255855.0
2022-10-17,64.87278627970464,66.83086184535313,67.27168514023734,64.3602010530951,140197.0,140197.0
2022-10-18,67.66124991246059,67.38445389009145,68.75818229740503,65.92871184652032,122831.0,122831.0
2022-10-19,67.25118173117295,67.51772604900992,69.89612150047824,66.9743857088038,144064.0,144064.0
2022-10-20,67.51772604900992,66.16450105076072,67.51772604900992,64.3602010530951,120709.0,120709.0
2022-10-21,65.6109090060224,65.86720161932718,66.9743857088038,65.52889536976487,77881.0,77881.0
2022-10-24,68.6864203656797,67.4357124127524,71.44412888483907,66.84111354988532,249036.0,249036.0
2022-10-25,67.25118173117295,65.43663002897515,67.51772604900992,64.05264991712936,189969.0,189969.0
2022-10-26,65.41612661991077,64.03214650806498,66.34903173234015,63.43754764519791,193328.0,193328.0
2022-10-27,64.39095616669167,62.68917321434796,66.6360794592415,62.58665616902605,159625.0,159625.0
2022-10-28,61.99205730615897,59.5726550365619,61.99205730615897,59.32661412778931,161860.0,161860.0
2022-10-31,60.36203628554061,60.47480503539471,60.87462151215016,58.670505037729086,150605.0,150605.0
2022-11-01,59.81869594533448,62.14583287414184,62.22784651039937,59.56240333202971,165738.0,165738.0
2022-11-02,61.89979196536926,63.62207832677734,64.31919423496633,61.38720673875971,159187.0,159187.0
2022-11-03,62.78143855513768,63.919377758210885,64.40120787122386,62.58665616902605,120792.0,120792.0
2022-11-04,64.37045275762729,66.68733798190244,67.60999138979965,63.97063628087184,197656.0,197656.0
2022-11-07,67.28193684476952,67.35369877649487,68.5633999112934,66.43104536859768,172132.0,172132.0
2022-11-08,69.7013391143666,67.60999138979965,72.01822433864177,66.94363059520722,273179.0,273179.0
2022-11-09,67.14866468585105,65.78518798306965,67.7637669577825,65.7236777558765,149890.0,149890.0
2022-11-10,64.9137930978334,63.458051054262285,65.70317434681212,63.0992413956356,163225.0,163225.0
2022-11-11,66.15424934622853,64.73951412078615,66.7385965045634,63.99113968993622,153311.0,153311.0
2022-11-14,64.38070446215947,62.43288060104319,64.88303798423684,62.17658798773841,122963.0,122963.0
2022-11-15,62.63791469168701,66.27726980061482,66.61557605017711,62.309860146656895,189709.0,189709.0
2022-11-16,66.13374593716414,64.07315332619375,66.59507264111272,63.80660900835678,130431.0,130431.0
2022-11-17,63.31452719081161,62.84294878233082,63.31452719081161,61.89979196536926,113340.0,113340.0
2022-11-18,62.84294878233082,61.7357646928542,63.4477993497301,61.60249253393572,115333.0,115333.0
2022-11-21,60.99764196653645,62.91471071405616,63.42729594066571,60.74134935323167,106007.0,106007.0
2022-11-22,62.61741128262262,61.23343117077684,62.89420730499178,60.99764196653645,83944.0,83944.0
2022-11-23,61.44871696595285,62.55590105542948,62.94546582765273,60.05448514957487,110800.0,110800.0
2022-11-24,62.36111866931785,63.868119235549926,64.86253457517246,62.34061526025347,150905.0,150905.0
2022-11-25,63.01722775937807,61.31544480703437,63.40679253160133,61.13091412545493,129455.0,129455.0
2022-11-28,59.92121299065639,60.382539694604986,60.47480503539471,59.080573219016735,93731.0,93731.0
2022-11-29,60.58757378524881,61.510227193146,62.15608457867403,60.16725389942897,96105.0,96105.0
2022-11-30,61.52047889767819,62.82244537326645,63.30427548627942,61.33594821609875,109107.0,109107.0
2022-12-01,63.663085144906105,64.38070446215947,65.78518798306965,63.41704423613352,198630.0,198630.0
2022-12-02,64.38070446215947,64.09365673525814,64.77026923438274,63.5605680995842,95654.0,95654.0
2022-12-05,65.4878885516361,63.35553400894037,65.590405596958,63.18125503189313,110184.0,110184.0
2022-12-06,63.07873798657122,64.39095616669167,66.0619840054388,62.84294878233082,151181.0,151181.0
2022-12-07,63.919377758210885,66.78985502722436,68.36861752518178,63.868119235549926,265492.0,265492.0
2022-12-08,66.84111354988532,66.10299082356757,66.84111354988532,65.6109090060224,117518.0,117518.0
2022-12-09,66.09273911903537,65.1495823020738,66.09273911903537,64.80102434797931,114998.0,114998.0
2022-12-12,64.73951412078615,64.38070446215947,65.69292264227992,63.93988116727526,96779.0,96779.0
2022-12-13,64.31919423496633,63.4477993497301,64.85228287064027,63.15049991829656,101022.0,101022.0
2022-12-14,63.30427548627942,62.104826056013074,63.64258173584172,61.67425446566105,111773.0,111773.0
2022-12-15,61.7357646928542,64.80102434797931,64.98555502955874,61.54098230674257,137788.0,137788.0
2022-12-16,64.43196298482043,62.5353976463651,65.01631014315532,62.15608457867403,107877.0,107877.0
2022-12-19,62.5353976463651,62.40212548744661,64.79077264344711,62.03306412428773,112296.0,112296.0
2022-12-20,61.746016397386384,60.669587421506336,62.52514594183291,60.19800901302555,119475.0,119475.0
2022-12-21,60.382539694604986,60.89512492121454,61.848533442708295,59.52139651390095,83076.0,83076.0
2022-12-22,61.48972378408161,58.8857908329051,61.48972378408161,58.670505037729086,93352.0,93352.0
2022-12-23,57.88112378875039,56.64066754035528,58.61924651506813,56.24085106359982,134117.0,134117.0
2022-12-26,56.28185788172858,60.09549196770364,60.36203628554061,56.18959254093887,140276.0,140276.0
2022-12-27,60.34153287647622,60.58757378524881,61.66400276112886,59.808444240802295,93777.0,93777.0
2022-12-28,60.28002264928308,59.37787265045027,60.47480503539471,58.50647776521404,91337.0,91337.0
2022-12-29,58.92679765103386,59.316362423257125,60.60807719431319,58.92679765103386,66510.0,66510.0
2022-12-30,59.97247151331735,57.81961356155723,60.46455333086252,57.77860674342847,99683.0,99683.0
2023-01-03,57.69659310717095,58.81402890117976,58.94730106009825,56.53815049503336,79247.0,79247.0
2023-01-04,58.31169537910241,56.37412322251831,58.455219242553085,56.26135447266421,147189.0,147189.0
2023-01-05,56.743184585677184,58.94730106009825,59.09082492354892,56.31261299532516,166855.0,166855.0
2023-01-06,58.61924651506813,60.45430162633032,61.82803003364392,58.41421242442431,189405.0,189405.0
2023-01-09,61.30519310250217,60.86436980761796,62.08432264694869,60.34153287647622,122276.0,122276.0
2023-01-10,60.99764196653645,61.19242435264808,61.92029537443364,59.47013799123999,129224.0,129224.0
2023-01-11,61.20267605718027,60.28002264928308,61.510227193146,60.208260717557735,76225.0,76225.0
2023-01-12,63.5605680995842,64.57548684827111,66.77960332269217,63.30427548627942,333757.0,333757.0
2023-01-13,64.98555502955874,65.6006573014902,65.6006573014902,63.5605680995842,204169.0,204169.0
2023-01-16,64.58573855280329,63.745098781163634,64.68825559812521,62.5353976463651,215800.0,215800.0
2023-01-17,64.17567037151566,64.51397662107796,65.01631014315532,63.458051054262285,128487.0,128487.0
2023-01-18,64.84203116610807,64.95479991596217,66.29777320967919,64.58573855280329,163097.0,163097.0
2023-01-19,64.72926241625397,64.99580673409093,65.50839196070048,64.41145957575604,90594.0,90594.0
2023-01-20,65.23159593833134,66.00047377824565,66.20550786888947,64.63699707546425,116508.0,116508.0
2023-01-30,69.3630328648043,67.86628400310443,71.19808797606649,67.84578059404004,282432.0,282432.0
2023-01-31,67.17941979944761,68.97346809258104,69.38353627386869,66.9743857088038,147405.0,147405.0
2023-02-01,68.99397150164542,69.69108740983442,70.37795161349122,68.5633999112934,147680.0,147680.0
2023-02-02,69.8141078642207,68.97346809258104,70.2754345681693,68.71717547927626,109264.0,109264.0
2023-02-03,68.5633999112934,68.12257661640919,69.07598513790295,67.22042661757638,101786.0,101786.0
2023-02-06,67.41520900368802,66.99488911786817,67.85603229857222,66.43104536859768,94283.0,94283.0
2023-02-07,67.63049479886402,66.58482093658054,67.64074650339622,66.0619840054388,88519.0,88519.0
2023-02-08,66.84111354988532,68.18408684360234,69.19900559228924,66.59507264111272,154884.0,154884.0
2023-02-09,67.66124991246059,68.49163797956807,68.59415502488997,67.14866468585105,104409.0,104409.0
2023-02-10,68.06106638921605,67.45621582181677,68.17383513907015,67.06665104959352,95862.0,95862.0
2023-02-13,67.06665104959352,66.56431752751617,67.82527718497565,66.4002902550011,100238.0,100238.0
2023-02-14,66.55406582298397,65.87745332385937,67.17941979944761,65.30335787005667,107300.0,107300.0
2023-02-15,66.03122889184222,65.375119801782,66.77960332269217,65.22134423379913,78297.0,78297.0
2023-02-16,65.6109090060224,63.663085144906105,65.80569139213402,63.01722775937807,131203.0,131203.0
2023-02-17,63.458051054262285,62.36111866931785,63.898874349146496,62.24834991946375,82803.0,82803.0
2023-02-20,62.37137037385004,62.38162207838224,62.62766298715482,60.905376625746726,112633.0,112633.0
2023-02-21,62.309860146656895,62.9864726457815,64.22692889417661,62.03306412428773,116234.0,116234.0
2023-02-22,62.03306412428773,62.24834991946375,63.20175844095751,62.01256071522336,68458.0,68458.0
2023-02-23,62.0740709424165,62.56615275996167,62.99672435031369,61.98180560162678,60146.0,60146.0
2023-02-24,62.94546582765273,61.30519310250217,62.96596923671712,61.30519310250217,81304.0,81304.0
2023-02-27,60.99764196653645,61.03864878466521,62.022812419755546,60.79260787589262,65217.0,65217.0
2023-02-28,61.17192094358369,61.25393457984122,61.53073060221038,60.34153287647622,65527.0,65527.0
2023-03-01,61.32569651156656,61.25393457984122,61.55123401127476,60.649084012441946,61709.0,61709.0
2023-03-02,61.20267605718027,60.0339817405105,61.223179466244645,59.98272321784953,87116.0,87116.0
2023-03-03,60.10574367223583,59.98272321784953,60.649084012441946,59.74693401360915,54231.0,54231.0
2023-03-06,59.99297492238173,60.65933571697415,60.73109764869948,58.84478401477634,123403.0,123403.0
2023-03-07,60.40304310366937,59.15233515074207,60.433798217265945,59.15233515074207,71574.0,71574.0
2023-03-08,58.94730106009825,58.793525492115386,59.52139651390095,58.47572265161746,67471.0,67471.0
2023-03-09,58.855035719308525,58.65000162866471,59.74693401360915,58.65000162866471,67039.0,67039.0
2023-03-10,58.35270219723117,57.9733891295401,58.78327378758319,57.35828685760865,101467.0,101467.0
2023-03-13,57.758103334364094,57.44030049386617,58.22968174284488,56.896960153660046,79734.0,79734.0
2023-03-14,57.61457947091342,56.76368799474156,57.79911015249286,55.46172151915331,109655.0,109655.0
2023-03-15,57.4095453802696,57.635082879977794,59.347117536853695,57.20451128962577,125481.0,125481.0
2023-03-16,56.91746356272443,56.28185788172858,57.891375493282574,56.28185788172858,89771.0,89771.0
2023-03-17,56.876456744595664,56.948218676321,57.81961356155723,56.384374927050494,94545.0,94545.0
2023-03-20,56.65091924488746,57.4095453802696,57.809361857025046,56.097327200149145,105859.0,105859.0
2023-03-21,57.9733891295401,58.721763560390045,58.76277037851881,57.009728903514144,123218.0,123218.0
2023-03-22,59.10107662808111,58.70126015132566,59.97247151331735,58.34245049269897,120540.0,120540.0
2023-03-23,58.25018515190926,58.41421242442431,58.92679765103386,58.02464765220106,78440.0,78440.0
2023-03-24,58.537232878810606,58.86528742384072,59.449634582175605,57.9836408340723,86971.0,86971.0
2023-03-27,58.793525492115386,58.91654594650167,59.30611071872493,57.93238231141134,97005.0,97005.0
2023-03-28,58.58849140147156,58.855035719308525,59.71617890001257,58.47572265161746,88832.0,88832.0
2023-03-29,58.896042537437296,59.25485219606397,59.74693401360915,58.855035719308525,98853.0,98853.0
2023-03-30,59.060069809952346,58.57823969693937,59.24460049153178,58.02464765220106,69926.0,69926.0
2023-03-31,58.73201526492223,58.96780446916263,59.941716399720775,58.58849140147156,79818.0,79818.0
2023-04-03,58.94730106009825,58.855035719308525,59.40862776404685,58.13741640205516,112267.0,112267.0
2023-04-04,58.74226696945443,57.604327766381225,58.74226696945443,57.03023231257853,109340.0,109340.0
2023-04-06,57.348035153076445,57.51206242559151,57.92213060687914,56.44588515424365,88284.0,88284.0
2023-04-07,57.44030049386617,57.53256583465589,58.34245049269897,57.13274935790044,59365.0,59365.0
2023-04-10,58.41421242442431,61.499975488613806,61.499975488613806,58.34245049269897,255946.0,255946.0
2023-04-11,60.9463834438755,60.58757378524881,61.59224082940352,60.35178458100841,164214.0,164214.0
2023-04-12,60.17750560396117,60.33128117194404,60.87462151215016,59.27535560512836,137789.0,137789.0
2023-04-13,60.1467504903646,59.27535560512836,60.17750560396117,59.162586855274256,84284.0,84284.0
2023-04-14,59.29585901419274,60.956635148407685,61.61274423846791,59.29585901419274,167306.0,167306.0
2023-04-17,60.60807719431319,60.46455333086252,61.756268101918586,60.32102946741185,123861.0,123861.0
2023-04-18,60.46455333086252,62.309860146656895,62.81219366873426,60.46455333086252,181621.0,181621.0
2023-04-19,62.43288060104319,61.25393457984122,62.443132305575375,61.14116582998712,119763.0,119763.0
2023-04-20,61.36670332969532,59.22409708246741,61.36670332969532,58.56798799240718,133141.0,133141.0
2023-04-21,59.43938287764341,57.92213060687914,60.12624708130021,57.82986526608943,107779.0,107779.0
2023-04-24,57.81961356155723,56.169089131874486,57.85036867515381,56.01531356389162,98087.0,98087.0
2023-04-25,56.33311640438954,53.27810845379662,56.58940901769432,52.79627834078365,146856.0,146856.0
2023-04-26,52.79627834078365,55.26693913304168,56.896960153660046,52.79627834078365,133010.0,133010.0
2023-04-27,54.846619247221845,54.85687095175403,56.1485857228101,54.53906811125612,80536.0,80536.0
2023-04-28,55.10291186052663,54.85687095175403,55.64625220073275,54.1084965209041,73204.0,73204.0
2023-05-04,55.10291186052663,54.23151697529038,55.52323174634645,54.190510157161626,61906.0,61906.0
2023-05-05,54.30327890701573,53.08332606768499,54.50831299765954,52.82703345438022,63132.0,63132.0
2023-05-08,53.23710163566786,53.50364595350482,53.82144879400275,52.64250277280078,51712.0,51712.0
2023-05-09,53.50364595350482,51.97614197820837,53.50364595350482,51.97614197820837,69683.0,69683.0
2023-05-10,52.07865902353027,54.06748970277533,54.83636754268966,51.85312152382208,100579.0,100579.0
2023-05-11,53.92396583932466,55.32844936023482,56.29210958626077,53.92396583932466,103448.0,103448.0
2023-05-12,55.15417038318758,54.85687095175403,55.9230482231019,54.4468027704664,55052.0,55052.0
2023-05-15,55.32844936023482,56.220347654535445,56.67142265395184,55.12341526959101,97639.0,97639.0
2023-05-16,56.44588515424365,56.117830609213534,56.44588515424365,55.62574879166836,56241.0,56241.0
2023-05-17,56.117830609213534,55.46172151915331,56.47664026784022,55.23618401944511,62181.0,62181.0
2023-05-18,55.60524538260398,54.82611583815746,55.71801413245808,54.118748225436285,65143.0,65143.0
2023-05-19,54.908129474415,54.928632883479374,55.2464357239773,54.35453742967668,36418.0,36418.0
2023-05-22,54.928632883479374,55.04140163333347,55.45146981462112,54.559571520320496,34008.0,34008.0
2023-05-23,55.05165333786567,53.7701902713418,55.2464357239773,53.7701902713418,46657.0,46657.0
2023-05-24,53.5344010671014,53.698428339616456,54.62108174751365,53.33961868098977,37670.0,37670.0
2023-05-25,53.51389765803702,53.21659822660347,54.190510157161626,53.00131243142747,46795.0,46795.0
2023-05-26,53.33961868098977,52.29394481870629,53.56515618069797,51.67884254677482,60839.0,60839.0
2023-05-29,52.38621015949601,51.23801925189061,52.46822379575354,50.868957888731735,71261.0,71261.0
2023-05-30,50.89971300232831,51.156005615633084,51.648087433178254,50.04882152615646,70014.0,70014.0
2023-05-31,50.95097152498927,50.27435902586466,50.95097152498927,49.78227720831949,61277.0,61277.0
2023-06-01,50.13083516241399,50.47939311650848,51.022733456714604,49.741270390190735,58111.0,58111.0
2023-06-02,50.78694425247421,51.46355675159882,52.058155614465896,50.63316868449135,82622.0,82622.0
2023-06-05,52.04790390993371,50.62291697995916,52.07865902353027,50.47939311650848,52609.0,52609.0
2023-06-06,50.65367209355573,50.192345389607134,50.99197834311804,49.956556185366736,45143.0,45143.0
2023-06-07,49.7720255037873,48.88012720948669,50.33586925305781,48.6443380052463,72109.0,72109.0
2023-06-08,49.01339936840517,48.99289595934079,49.71051527659416,48.95188914121202,54272.0,54272.0
2023-06-09,48.99289595934079,48.95188914121202,49.87454254910921,48.38804539194152,65689.0,65689.0
2023-06-12,49.01339936840517,49.669508458465394,49.93605277630236,48.95188914121202,56602.0,56602.0
2023-06-13,49.720766981126346,49.741270390190735,49.91554936723797,49.382460731564045,36553.0,36553.0
2023-06-14,49.87454254910921,48.70584823243944,50.02831811709208,48.6443380052463,55588.0,55588.0
2023-06-15,48.83912039135792,51.20726413829404,51.258522660955,48.83912039135792,112415.0,112415.0
2023-06-16,51.156005615633084,51.50456356972758,51.7198493649036,50.868957888731735,68325.0,68325.0
2023-06-19,51.494311865195385,50.98172663858584,51.91463175101522,50.82795107060297,51684.0,51684.0
2023-06-20,51.06374027484337,51.24827095642281,51.750604478500165,50.75618913887764,57458.0,57458.0
2023-06-21,51.20726413829404,50.27435902586466,51.76085618303236,50.243603912268085,61022.0,61022.0
2023-06-26,49.823284026448256,50.47939311650848,51.24827095642281,49.42346754969281,61704.0,61704.0
2023-06-27,50.74593743434545,50.141086866946175,50.84845447966736,49.2081817545168,51464.0,51464.0
2023-06-28,50.02831811709208,49.92580107177017,50.47939311650848,49.52598459501472,42411.0,42411.0
2023-06-29,48.24552429667679,48.76818414322413,49.3008951406666,48.09475703324968,48217.0,48217.0
2023-06-30,48.84859335038526,50.58744245524465,51.4819948849122,48.84859335038526,110084.0,110084.0
2023-07-03,50.65780051151064,50.748260869566906,51.351329923275365,50.3562659846564,68385.0,68385.0
2023-07-04,50.798516624042605,50.38641943734183,50.86887468030859,50.24570332480985,49706.0,49706.0
2023-07-05,50.27585677749528,50.17534526854387,50.527135549873805,49.77329923273823,42581.0,42581.0
2023-07-06,50.326112531970985,49.33104859335202,50.44672634271267,49.3008951406666,58136.0,58136.0
2023-07-07,49.23053708440061,48.50685421995046,49.471764705884,48.42644501278933,47609.0,47609.0
2023-07-10,48.64757033248243,50.42662404092239,50.95933503836487,48.64757033248243,98806.0,98806.0
2023-07-11,50.18539641943901,50.83872122762317,50.94928388746972,49.80345268542364,62552.0,62552.0
2023-07-12,50.75831202046204,50.92918158567944,51.69306905371016,50.64774936061549,83088.0,83088.0
2023-07-13,50.98948849105028,50.70805626598634,52.08506393862066,50.45677749360782,66388.0,66388.0
2023-07-14,50.73820971867176,50.07483375959246,50.75831202046204,49.974322250641045,56414.0,56414.0
2023-07-17,49.93411764706048,49.39135549872287,50.36631713555155,49.09987212276378,50288.0,50288.0
2023-07-18,49.2506393861909,49.01946291560265,49.53207161125484,48.59731457800673,59187.0,59187.0
2023-07-19,48.92900255754638,48.47670076726504,48.96920716112695,48.16511508951567,44657.0,44657.0
2023-07-20,48.49680306905532,48.32593350383792,49.36120204603745,48.24552429667679,65634.0,65634.0
2023-07-21,48.26562659846708,47.91383631713715,48.78828644501441,47.55199488491207,49864.0,49864.0
2023-07-24,47.8032736572906,46.94892583120361,47.81332480818573,46.83836317135706,49726.0,49726.0
2023-07-25,47.38112531969467,48.27567774936222,48.47670076726504,47.2906649616384,57747.0,57747.0
2023-07-26,48.05455242966912,48.08470588235454,48.5872634271116,48.034450127878834,32749.0,32749.0
2023-07-27,48.24552429667679,48.04450127877397,48.79833759590954,48.04450127877397,37527.0,37527.0
2023-07-28,47.903785166242,48.18521739130595,48.45659846547476,47.05948849105016,57346.0,57346.0
2023-07-31,48.38624040920877,49.61248081841597,50.22560102301957,48.30583120204764,90757.0,90757.0
2023-08-01,49.70294117647224,50.05473145780217,50.215549872124434,49.46171355498885,57648.0,57648.0
2023-08-02,50.05473145780217,49.71299232736738,50.42662404092239,49.70294117647224,49544.0,49544.0
2023-08-03,49.65268542199653,50.45677749360782,50.75831202046204,49.27074168798118,62117.0,62117.0
2023-08-04,50.60754475703493,50.09493606138274,51.01964194373571,49.93411764706048,79405.0,79405.0
2023-08-07,49.93411764706048,49.914015345270194,50.436675191817535,49.55217391304512,47524.0,47524.0
2023-08-08,49.90396419437506,49.8135038363188,50.00447570332647,49.43156010230343,31765.0,31765.0
2023-08-09,49.64263427110139,49.14007672634435,49.64263427110139,48.86869565217553,36585.0,36585.0
2023-08-10,49.14007672634435,49.471764705884,50.23565217391471,48.95915601023181,37709.0,37709.0
2023-08-11,49.42150895140829,48.034450127878834,49.72304347826252,48.034450127878834,39714.0,39714.0
2023-08-14,47.55199488491207,46.5770332480834,47.98419437340313,46.05437340153605,67551.0,67551.0
2023-08-15,46.58708439897853,46.07447570332634,46.83836317135706,45.74278772378669,48060.0,48060.0
2023-08-16,45.823196930947816,45.70258312020612,46.54687979539797,45.57191815856929,36569.0,36569.0
2023-08-17,45.56186700767415,45.63222506394013,45.87345268542352,44.98895140665111,35158.0,35158.0
2023-08-18,45.77294117647211,44.32557544757181,45.98401534527007,44.275319693096094,53453.0,53453.0
2023-08-21,44.35572890025723,43.75265984654877,44.69746803069202,43.75265984654877,37580.0,37580.0
2023-08-22,43.87327365729046,44.46629156010378,44.70751918158716,42.013810741689376,101217.0,101217.0
2023-08-23,44.97890025575597,43.94363171355645,45.41109974424703,43.92352941176617,79547.0,79547.0
2023-08-24,43.92352941176617,43.57173913043624,44.42608695652322,43.34056265984798,50357.0,50357.0
2023-08-25,43.219948849106295,42.93851662404234,43.642097186702216,42.596777493607554,37978.0,37978.0
2023-08-28,45.71263427110126,43.270204603582,45.7226854219964,43.219948849106295,63498.0,63498.0
2023-08-29,43.17974424552573,44.60700767263575,44.89849104859484,43.02897698209862,73123.0,73123.0
2023-08-30,44.627109974426034,44.30547314578152,45.02915601023168,44.20496163683011,55180.0,55180.0
2023-08-31,44.24516624041068,44.54670076726491,44.58690537084547,43.75265984654877,44575.0,44575.0
2023-09-01,44.52659846547462,43.8833248081856,44.576854219950334,43.71245524296821,33640.0,33640.0
2023-09-04,44.08434782608842,44.76782608695801,44.77787723785315,43.621994884911935,42432.0,42432.0
2023-09-05,44.52659846547462,44.4964450127892,44.868337595909416,44.30547314578152,34021.0,34021.0
2023-09-06,44.32557544757181,44.506496163684346,44.7175703324823,43.933580562661305,38423.0,38423.0
2023-09-07,44.29542199488638,43.25010230179172,44.506496163684346,43.23000000000143,42496.0,42496.0
2023-09-08,43.14959079284031,43.059130434784045,43.4913299232751,42.928465473147206,23734.0,23734.0
2023-09-11,43.00887468030833,43.69235294117792,44.2250639386204,42.83800511509094,35889.0,35889.0
2023-09-12,43.58179028133137,44.16475703324954,44.85828644501428,43.50138107417025,44811.0,44811.0
2023-09-13,43.8833248081856,43.219948849106295,44.2250639386204,43.11943734015488,32698.0,32698.0
2023-09-14,43.11943734015488,42.82795396419579,43.29030690537228,42.64703324808326,30840.0,30840.0
2023-09-15,42.96867007672777,42.56662404092213,43.08928388746946,42.34549872122903,36113.0,36113.0
2023-09-18,42.45606138107558,43.36066496163827,43.86322250639532,42.33544757033388,39629.0,39629.0
2023-09-19,43.37071611253341,42.8782097186715,43.37071611253341,42.78774936061523,26383.0,26383.0
2023-09-20,42.74754475703467,42.29524296675332,43.00887468030833,42.24498721227762,26420.0,26420.0
2023-09-21,42.22488491048733,41.95350383631853,42.48621483376101,41.93340153452824,29087.0,29087.0
2023-09-22,41.91329923273797,42.66713554987354,42.71739130434924,41.69217391304486,33725.0,33725.0
2023-09-25,42.3857033248096,42.2148337595922,42.62693094629297,41.92335038363311,34677.0,34677.0
2023-09-26,42.19473145780191,41.27002557544894,42.36560102301931,41.27002557544894,37380.0,37380.0
2023-09-27,41.18961636828781,42.24498721227762,42.75759590792981,41.149411764707246,56243.0,56243.0
2023-09-28,42.3857033248096,42.31534526854361,42.69728900255896,42.03391304347966,29013.0,29013.0
2023-10-09,42.08416879795536,41.96355498721367,42.30529411764847,41.66202046035944,36913.0,36913.0
2023-10-10,42.20478260869706,42.09421994885051,42.71739130434924,42.054015345269946,32995.0,32995.0
2023-10-11,42.415856777495016,42.09421994885051,42.57667519181727,42.06406649616508,32300.0,32300.0
2023-10-12,42.2148337595922,43.732557544758485,43.90342710997588,42.20478260869706,90049.0,90049.0
2023-10-13,43.42097186700912,43.11943734015488,43.52148337596052,42.93851662404234,44744.0,44744.0
2023-10-16,43.17974424552573,41.883145780052544,43.270204603582,41.611764705883736,50375.0,50375.0
2023-10-17,41.83289002557684,43.3908184143237,43.98383631713701,41.81278772378656,87890.0,87890.0
2023-10-18,43.10938618925975,43.13953964194517,43.36066496163827,42.83800511509094,44998.0,44998.0
2023-10-19,42.83800511509094,42.91841432225207,43.23000000000143,42.707340153454105,37232.0,37232.0
2023-10-20,42.71739130434924,43.72250639386335,44.11450127877384,42.596777493607554,75304.0,75304.0
2023-10-23,43.82301790281476,42.395754475704734,43.82301790281476,42.13442455243107,66942.0,66942.0
2023-10-24,42.56662404092213,43.03902813299376,43.32046035805771,42.07411764706022,51212.0,51212.0
2023-10-25,43.99388746803216,43.1696930946306,44.69746803069202,43.15964194373544,66791.0,66791.0
2023-10-26,42.69728900255896,43.37071611253341,43.3908184143237,41.611764705883736,68663.0,68663.0
2023-10-27,43.10938618925975,44.75777493606287,44.97890025575597,42.77769820972009,118131.0,118131.0
2023-10-30,44.576854219950334,44.74772378516773,44.97890025575597,44.21501278772526,83613.0,83613.0
2023-10-31,44.506496163684346,44.285370843991245,44.7175703324823,44.03409207161272,89782.0,89782.0
2023-11-01,44.42608695652322,43.75265984654877,44.42608695652322,43.30035805626742,53180.0,53180.0
2023-11-02,43.75265984654877,42.79780051151037,44.10445012787871,42.73749360613953,50628.0,50628.0
2023-11-03,42.91841432225207,43.129488491050026,43.43102301790426,42.86815856777636,41646.0,41646.0
2023-11-06,43.26015345268686,45.20002557544907,45.401048593351895,43.26015345268686,104954.0,104954.0
2023-11-07,44.93869565217541,44.78792838874829,45.16987212276365,44.26526854220096,66161.0,66161.0
2023-11-08,44.89849104859484,44.93869565217541,45.26033248081992,44.627109974426034,54703.0,54703.0
2023-11-09,45.02915601023168,44.98895140665111,45.48145780051302,44.92864450128027,57843.0,57843.0
2023-11-10,45.08946291560252,45.18997442455393,45.270383631715056,44.08434782608842,58283.0,58283.0
2023-11-13,45.23017902813449,44.85828644501428,45.511611253198446,44.6673145780066,35473.0,35473.0
2023-11-14,44.72762148337745,44.78792838874829,45.07941176470738,44.3959335038378,44228.0,44228.0
2023-11-15,45.401048593351895,45.07941176470738,45.511611253198446,45.00905370844139,54657.0,54657.0
2023-11-16,45.0593094629171,44.275319693096094,45.0593094629171,44.23511508951553,45856.0,45856.0
2023-11-17,44.12455242966898,44.2250639386204,44.36578005115237,43.97378516624187,31249.0,31249.0
2023-11-20,44.275319693096094,43.90342710997588,44.32557544757181,43.54158567775081,42163.0,42163.0
2023-11-21,44.16475703324954,43.70240409207306,44.36578005115237,43.59184143222651,35289.0,35289.0
2023-11-22,43.52148337596052,42.55657289002699,43.56168797954109,42.54652173913185,42987.0,42987.0
2023-11-23,42.42590792839016,42.58672634271241,42.79780051151037,42.24498721227762,28709.0,28709.0
2023-11-24,42.375652173914446,41.85299232736712,42.51636828644642,41.772583120206,32232.0,32232.0
2023-11-27,41.752480818415705,41.440895140666335,41.76253196931085,41.22982097186838,35194.0,35194.0
2023-11-28,41.56150895140803,41.71227621483514,41.85299232736712,41.15946291560239,31959.0,31959.0
2023-11-29,41.81278772378656,41.2097186700781,41.883145780052544,41.2097186700781,36337.0,36337.0
2023-11-30,41.08910485933641,41.15946291560239,41.2599744245538,40.61670076726477,39220.0,39220.0
2023-12-01,40.89813299232872,40.51618925831337,41.10920716112668,40.37547314578139,39704.0,39704.0
2023-12-04,40.54634271099879,38.21447570332608,40.54634271099879,37.802378516625296,122118.0,122118.0
2023-12-05,38.25468030690664,37.83253196931072,38.74718670076855,37.83253196931072,63159.0,63159.0
2023-12-06,37.57120204603706,39.37035805626729,40.56644501278908,37.490792838875926,116109.0,116109.0
2023-12-07,39.21959079284018,38.88790281330052,39.25979539642074,38.37529411764833,62093.0,62093.0
2023-12-08,39.27989769821102,38.39539641943862,39.58143222506526,38.21447570332608,72893.0,72893.0
2023-12-11,38.22452685422122,38.37529411764833,38.475805626599744,37.18925831202169,65724.0,65724.0
2023-12-12,38.21447570332608,38.08381074168925,38.34514066496291,37.83253196931072,35648.0,35648.0
2023-12-13,38.08381074168925,36.99828644501402,38.08381074168925,36.887723785167466,54085.0,54085.0
2023-12-14,37.37017902813423,36.87767263427232,37.742071611254445,36.7470076726355,39865.0,39865.0
2023-12-15,37.07869565217514,36.92792838874803,37.530997442456496,36.78721227621606,44758.0,44758.0
2023-12-18,36.78721227621606,36.18414322250759,37.159104859336274,36.0132736572902,55310.0,55310.0
2023-12-19,36.14393861892703,36.31480818414443,36.76710997442577,36.09368286445133,44864.0,44864.0
2023-12-20,36.465575447571545,35.55092071611371,36.50578005115211,35.55092071611371,44617.0,44617.0
2023-12-21,35.33984654731575,36.37511508951528,36.77716112532092,35.27953964194491,55126.0,55126.0
2023-12-22,36.22434782608816,37.068644501280005,37.691815856778746,35.7921483375971,75476.0,75476.0
2023-12-25,36.978184143223736,37.470690537085645,37.7521227621496,36.89777493606261,43578.0,43578.0
2023-12-26,37.46063938619051,37.18925831202169,37.520946291561344,36.85757033248205,32311.0,32311.0
2023-12-27,37.18925831202169,36.78721227621606,37.27971867007797,36.56608695652296,34718.0,34718.0
2023-12-28,36.807314578006334,38.70698209718798,38.988414322251934,36.77716112532092,108824.0,108824.0
2023-12-29,38.77734015345397,38.39539641943862,38.99846547314707,38.294884910487205,65712.0,65712.0
2024-01-02,38.39539641943862,37.94309462915727,38.39539641943862,37.802378516625296,45540.0,45540.0
2024-01-03,37.79232736573016,37.963196930947554,38.0737595907941,37.59130434782733,38526.0,38526.0
2024-01-04,37.90289002557671,36.98823529411887,37.99335038363297,36.917877237852885,45797.0,45797.0
2024-01-05,37.088746803070286,36.90782608695775,38.475805626599744,36.75705882353064,80325.0,80325.0
2024-01-08,36.576138107418096,36.33491048593471,37.641560102303046,36.33491048593471,51174.0,51174.0
2024-01-09,36.33491048593471,36.48567774936183,37.34002557544881,35.74189258312139,52303.0,52303.0
2024-01-10,36.47562659846668,36.93797953964317,37.36012787723909,35.8424040920728,57296.0,57296.0
2024-01-11,36.9681329923286,38.66677749360742,38.93815856777624,36.78721227621606,105874.0,105874.0
2024-01-12,38.606470588236576,39.12913043478391,40.13424552429801,38.40544757033376,119154.0,119154.0
2024-01-15,38.83764705882482,38.35519181585805,39.098976982098485,38.04360613810868,71055.0,71055.0
2024-01-16,37.99335038363297,38.78739130434912,39.06882352941306,37.892838874681566,64612.0,64612.0
2024-01-17,38.475805626599744,37.09879795396542,38.48585677749488,37.088746803070286,54546.0,54546.0
2024-01-18,36.78721227621606,37.51089514066621,37.67171355498846,36.53593350383753,75527.0,75527.0
2024-01-19,37.73202046035931,37.19930946291684,38.696930946292845,37.19930946291684,69066.0,69066.0
2024-01-22,36.58618925831323,34.74682864450244,36.77716112532092,34.74682864450244,89536.0,89536.0
2024-01-23,34.5659079283899,34.98805626598582,35.691636828645684,33.681406649617486,69444.0,69444.0
2024-01-24,35.14887468030807,34.525703324809335,35.32979539642061,33.47033248081952,74405.0,74405.0
2024-01-25,34.55585677749475,36.08363171355619,36.14393861892703,33.87237851662517,83357.0,83357.0
2024-01-26,35.78209718670196,35.18907928388864,36.2343989769833,35.18907928388864,65992.0,65992.0
2024-01-29,35.38005115089632,33.64120204603692,35.56097186700886,33.59094629156122,68731.0,68731.0
2024-01-30,33.50048593350495,32.364705882354016,34.003043478262,32.3345524296686,62953.0,62953.0
2024-01-31,32.525524296676274,31.962659846548377,33.8321739130446,31.94255754475809,82807.0,82807.0
2024-02-01,31.641023017903866,31.349539641944776,32.42501278772486,31.068107416880828,83501.0,83501.0
2024-02-02,31.259079283888507,29.841867007673628,31.57066496163788,29.037774936062345,95852.0,95852.0
2024-02-05,29.429769820972847,28.35429667519276,29.55038363171453,26.99739130434872,136161.0,136161.0
2024-02-06,28.1432225063948,31.11836317135653,31.158567774937097,27.962301790282257,119158.0,119158.0
2024-02-07,31.11836317135653,34.14375959079397,34.14375959079397,31.11836317135653,181775.0,181775.0
2024-02-08,33.67135549872235,34.40508951406763,36.25450127877358,33.49043478260981,159918.0,159918.0
2024-02-19,34.36488491048707,34.083452685423126,34.776982097187854,33.62109974424664,94796.0,94796.0
2024-02-20,33.90253196931059,33.550741687980654,34.07340153452798,33.219053708440995,71106.0,71106.0
2024-02-21,33.30951406649727,33.67135549872235,34.72672634271215,32.97782608695762,110984.0,110984.0
2024-02-22,33.480383631714666,33.53063938619037,33.90253196931059,33.168797953965296,81398.0,81398.0
2024-02-23,33.69145780051263,33.67135549872235,33.79196930946404,32.96777493606248,125845.0,125845.0
2024-02-26,33.64120204603692,33.771867007673755,34.123657289003695,33.28941176470698,104320.0,104320.0
2024-02-27,33.570843989770935,34.67647058823645,34.67647058823645,33.42007672634382,114696.0,114696.0
2024-02-28,34.98805626598582,34.003043478262,36.18414322250759,33.992992327366856,181957.0,181957.0
2024-02-29,33.36982097186812,35.018209718671244,35.37000000000117,33.36982097186812,170410.0,170410.0
2024-03-01,35.15892583120321,35.05841432225181,35.43030690537202,34.53575447570447,107921.0,107921.0
2024-03-04,34.84734015345384,34.37493606138222,35.16897698209836,34.07340153452798,121532.0,121532.0
2024-03-05,34.07340153452798,33.58089514066607,34.07340153452798,33.37987212276326,95134.0,95134.0
2024-03-06,33.28941176470698,34.013094629157145,34.51565217391419,33.06828644501388,97592.0,97592.0
2024-03-07,34.05329923273771,33.19895140665072,34.55585677749475,33.19895140665072,91535.0,91535.0
2024-03-08,33.219053708440995,33.12859335038473,33.65125319693206,32.8270588235305,73358.0,73358.0
2024-03-11,33.67135549872235,36.807314578006334,37.68176470588361,33.67135549872235,296304.0,296304.0
2024-03-12,36.98823529411887,36.92792838874803,36.98823529411887,35.89265984654851,228737.0,228737.0
2024-03-13,36.5258823529424,36.38516624041042,37.09879795396542,36.28465473145901,117085.0,117085.0
2024-03-14,36.174092071612456,35.74189258312139,36.61634271099866,35.33984654731575,101571.0,101571.0
2024-03-15,35.60117647058942,35.63132992327484,35.78209718670196,34.85739130434899,100558.0,100558.0
2024-03-18,36.08363171355619,36.736956521740346,37.14905370844113,36.08363171355619,179563.0,179563.0
2024-03-19,36.978184143223736,36.02332480818534,36.978184143223736,36.02332480818534,89690.0,89690.0
2024-03-20,36.02332480818534,36.19419437340274,36.54598465473267,35.78209718670196,75446.0,75446.0
2024-03-21,36.25450127877358,35.510716112533146,36.36506393862013,35.400153452686595,71531.0,71531.0
2024-03-22,35.30969309463033,34.02314578005228,35.41020460358174,33.96283887468143,113155.0,113155.0
2024-03-25,33.73166240409319,32.84716112532078,33.92263427110087,32.8270588235305,96900.0,96900.0
2024-03-26,32.67629156010339,36.12383631713675,37.068644501280005,32.61598465473254,238486.0,238486.0
2024-03-27,36.98823529411887,35.63132992327484,37.45058823529536,35.581074168799134,255122.0,255122.0
2024-03-28,35.30969309463033,38.23457800511636,38.50595907928517,35.30969309463033,335275.0,335275.0
2024-03-29,37.77222506393987,39.410562659847855,41.71227621483514,37.5812531969322,432649.0,432649.0
2024-04-01,39.46081841432356,40.8679795396433,42.054015345269946,39.46081841432356,377391.0,377391.0
2024-04-02,41.45094629156148,43.37071611253341,44.30547314578152,40.57649616368421,520202.0,520202.0
2024-04-03,43.219948849106295,42.31534526854361,47.24040920716269,41.45094629156148,574095.0,574095.0
2024-04-08,42.91841432225207,44.52659846547462,45.8935549872138,42.91841432225207,514311.0,514311.0
2024-04-09,45.23017902813449,52.63787723785341,53.271099744247294,44.53664961636977,862756.0,862756.0
2024-04-10,50.59749360613979,51.57245524296847,52.44690537084573,49.2506393861909,647536.0,647536.0
2024-04-11,50.547237851664086,52.51726342711172,54.56769820972048,49.51196930946456,638289.0,638289.0
2024-04-12,50.92918158567944,47.25046035805784,52.20567774936234,47.03938618925987,702924.0,702924.0
2024-04-15,47.09969309463072,47.62235294117806,50.04468030690703,46.82831202046192,522607.0,522607.0
2024-04-16,46.90872122762304,44.45624040920863,47.340920716114105,44.154705882354406,515509.0,515509.0
2024-04-17,47.47158567775094,50.37636828644669,51.00959079284057,47.12984654731614,648446.0,648446.0
2024-04-18,49.471764705884,51.50209718670248,54.25611253197111,49.471764705884,696384.0,696384.0
2024-04-19,50.83872122762317,52.778593350385385,52.98966751918334,49.33104859335202,599593.0,599593.0
2024-04-22,52.2659846547332,49.78335038363337,54.497340153454495,49.78335038363337,478203.0,478203.0
2024-04-23,49.24058823529575,50.44672634271267,52.68813299232912,49.24058823529575,438511.0,438511.0
2024-04-24,48.74808184143384,48.346035805628205,49.95421994885077,47.95404092071771,473323.0,473323.0
2024-04-25,44.76782608695801,46.61723785166396,47.99424552429827,43.96373401534673,583721.0,583721.0
2024-04-26,46.737851662405646,45.97396419437493,47.51179028133151,45.74278772378669,457190.0,457190.0
2024-04-29,46.10462915601176,46.87856777493762,47.97414322250798,46.00411764706036,459513.0,459513.0
2024-04-30,46.87856777493762,44.43613810741836,47.18010230179185,43.80291560102447,450380.0,450380.0
2024-05-06,45.14976982097337,45.33069053708591,45.98401534527007,44.85828644501428,344635.0,344635.0
2024-05-07,44.98895140665111,44.174808184144695,45.73273657289155,43.78281329923419,302280.0,302280.0
2024-05-08,43.82301790281476,42.03391304347966,43.94363171355645,41.94345268542339,320192.0,320192.0
2024-05-09,43.913478260871024,46.91877237851818,48.24552429667679,43.913478260871024,686046.0,686046.0
2024-05-10,45.99406649616521,44.12455242966898,46.13478260869719,43.74260869565363,415792.0,415792.0
2024-05-13,43.219948849106295,42.56662404092213,43.72250639386335,42.265089514067895,255407.0,255407.0
2024-05-14,42.79780051151037,42.28519181585818,43.37071611253341,41.863043478262256,236493.0,236493.0
2024-05-15,42.013810741689376,41.883145780052544,42.96867007672777,41.76253196931085,167162.0,167162.0
2024-05-16,41.53135549872261,41.38058823529549,42.054015345269946,41.17956521739267,189663.0,189663.0
2024-05-17,41.15946291560239,42.817902813300655,42.908363171356925,40.747365728901606,273228.0,273228.0
2024-05-20,42.51636828644642,42.47616368286586,43.17974424552573,42.2148337595922,189818.0,189818.0
2024-05-21,42.19473145780191,41.73237851662543,42.94856777493749,41.62181585677887,160812.0,160812.0
2024-05-22,41.57156010230317,42.9988235294132,43.3908184143237,41.51125319693232,289185.0,289185.0
2024-05-23,42.57667519181727,41.13936061381211,42.57667519181727,41.10920716112668,213192.0,213192.0
2024-05-24,40.66695652174048,39.66184143222638,41.36048593350521,39.62163682864582,217336.0,217336.0
2024-05-27,40.214654731459134,40.506138107418224,40.656905370845344,39.82265984654863,150394.0,150394.0
2024-05-28,40.10409207161258,39.20953964194504,40.17445012787857,39.098976982098485,161711.0,161711.0
2024-05-29,39.90306905370977,40.97854219948986,41.68212276214973,39.5914833759604,308907.0,308907.0
2024-05-30,41.02879795396556,39.96337595908061,41.46099744245662,39.872915601024346,212118.0,212118.0
2024-05-31,40.05383631713688,39.88296675191948,40.70716112532104,39.85281329923406,121484.0,121484.0
2024-06-03,39.651790281331245,39.73219948849237,39.89301790281462,39.00851662404222,130008.0,130008.0
2024-06-04,39.430664961638136,40.57649616368421,40.80767263427246,39.189437340154754,179033.0,179033.0
2024-06-05,40.204603580564,40.28501278772512,40.80767263427246,40.02368286445146,133863.0,133863.0
2024-06-06,40.15434782608829,38.636624040922,40.34531969309597,38.48585677749488,167604.0,167604.0
2024-06-07,38.1,37.14,38.25,36.88,128412.0,128412.0
2024-06-11,36.6,37.05,37.42,36.4,97536.0,97536.0
2024-06-12,36.84,37.6,37.92,36.41,108832.0,108832.0
2024-06-13,37.38,37.08,37.88,36.95,96507.0,96507.0
2024-06-14,36.91,36.89,37.0,36.0,152508.0,152508.0
2024-06-17,36.54,38.08,38.7,36.54,197766.0,197766.0
2024-06-18,37.9,38.03,38.29,37.53,124149.0,124149.0
2024-06-19,37.96,37.18,38.07,37.07,109630.0,109630.0
2024-06-20,36.95,35.79,36.95,35.77,116765.0,116765.0
2024-06-21,35.83,35.86,36.11,35.45,84056.0,84056.0
2024-06-24,35.57,34.64,35.57,34.52,91273.0,91273.0
2024-06-25,34.89,34.14,35.07,33.61,95108.0,95108.0
2024-06-26,34.1,35.05,35.1,33.6,102810.0,102810.0
2024-06-27,34.68,34.3,34.85,34.25,67366.0,67366.0
2024-06-28,34.33,34.31,35.05,34.29,99959.0,99959.0
2024-07-01,34.15,34.33,34.49,33.53,79293.0,79293.0
2024-07-02,34.49,33.64,34.68,33.4,85166.0,85166.0
2024-07-03,33.68,33.32,34.16,33.14,72142.0,72142.0
2024-07-04,33.32,32.57,33.62,32.51,76728.0,76728.0
2024-07-05,32.55,32.31,32.6,31.99,77376.0,77376.0
2024-07-08,32.28,31.4,32.3,31.25,83632.0,83632.0
2024-07-09,31.46,31.3,31.68,30.58,142684.0,142684.0
2024-07-10,31.0,31.11,32.22,30.76,119708.0,119708.0
2024-07-11,31.86,32.47,33.0,31.58,197288.0,197288.0
2024-07-12,33.63,32.4,33.69,32.33,151361.0,151361.0
2024-07-15,32.0,31.58,32.05,31.46,102826.0,102826.0
2024-07-16,31.48,32.06,32.24,31.31,106220.0,106220.0
2024-07-17,32.16,31.5,32.28,31.49,94976.0,94976.0
2024-07-18,31.21,31.42,31.6,30.77,85925.0,85925.0
2024-07-19,31.25,31.1,31.54,30.78,93097.0,93097.0
2024-07-22,30.77,30.89,31.46,30.62,94936.0,94936.0
2024-07-23,30.82,29.6,31.17,29.55,129473.0,129473.0
2024-07-24,29.67,29.0,29.78,28.95,103533.0,103533.0
2024-07-25,28.86,29.57,30.09,28.68,109479.0,109479.0
2024-07-26,29.61,30.27,30.79,29.6,109963.0,109963.0
2024-07-29,30.11,29.54,30.29,29.38,89313.0,89313.0
2024-07-30,29.65,29.56,29.98,29.41,69666.0,69666.0
2024-07-31,29.52,30.79,30.82,29.36,132615.0,132615.0
2024-08-01,30.85,30.37,31.18,30.22,107964.0,107964.0
2024-08-02,30.08,29.95,30.6,29.86,80402.0,80402.0
2024-08-05,29.77,29.32,30.72,29.32,113486.0,113486.0
2024-08-06,29.8,29.98,30.3,29.58,85345.0,85345.0
2024-08-07,29.95,29.51,30.13,29.51,63545.0,63545.0
2024-08-08,29.35,29.1,29.55,28.86,74059.0,74059.0
2024-08-09,29.2,28.56,29.58,28.56,64835.0,64835.0
2024-08-12,28.69,28.43,29.19,28.3,53029.0,53029.0
2024-08-13,28.25,28.82,28.95,28.21,68042.0,68042.0
2024-08-14,28.63,28.14,28.98,28.13,60844.0,60844.0
2024-08-15,28.0,28.29,28.66,27.88,79305.0,79305.0
2024-08-16,28.34,27.76,28.4,27.72,62954.0,62954.0
2024-08-19,27.69,27.6,28.17,27.53,57056.0,57056.0
2024-08-20,27.67,27.15,28.0,27.12,66255.0,66255.0
2024-08-21,27.09,30.46,31.07,26.91,404735.0,404735.0
2024-08-22,30.06,30.2,31.68,30.06,393893.0,393893.0
2024-08-23,30.0,28.3,30.17,28.16,266032.0,266032.0
2024-08-26,28.33,30.44,31.83,28.33,337814.0,337814.0
2024-08-27,30.42,29.28,30.61,29.15,196203.0,196203.0
2024-08-28,29.2,28.8,29.3,28.45,156685.0,156685.0
2024-08-29,28.78,30.1,30.45,28.61,284952.0,284952.0
2024-08-30,30.08,30.46,31.08,29.74,270774.0,270774.0
2024-09-02,30.5,29.98,31.57,29.94,222025.0,222025.0
2024-09-03,29.85,30.99,31.45,29.65,256122.0,256122.0
2024-09-04,30.87,32.81,33.16,30.68,458620.0,458620.0
2024-09-05,32.29,32.15,32.91,31.75,303749.0,303749.0
2024-09-06,32.15,32.69,34.33,32.0,404075.0,404075.0
2024-09-09,32.01,31.48,32.59,31.2,250495.0,250495.0
2024-09-10,31.23,31.08,31.45,30.17,208055.0,208055.0
2024-09-11,30.71,32.43,32.73,30.7,326561.0,326561.0
2024-09-12,32.01,32.21,32.48,31.85,190893.0,190893.0
2024-09-13,32.21,30.75,32.35,30.73,185960.0,185960.0
2024-09-18,30.81,29.98,30.87,29.27,160025.0,160025.0
2024-09-19,30.1,30.31,31.1,29.5,160522.0,160522.0
2024-09-20,30.39,29.59,30.4,29.4,139129.0,139129.0
2024-09-23,29.48,29.13,30.14,28.98,144728.0,144728.0
2024-09-24,29.48,32.14,32.33,29.45,360355.0,360355.0
2024-09-25,32.53,32.11,33.09,32.07,317359.0,317359.0
2024-09-26,32.08,33.0,33.01,31.8,247298.0,247298.0
2024-09-27,33.85,36.12,37.0,33.7,464696.0,464696.0
2024-09-30,38.2,43.32,43.34,37.51,597004.0,597004.0
2024-10-08,51.81,51.98,51.98,46.34,709055.0,709055.0
2024-10-09,49.02,44.18,49.99,44.06,583815.0,583815.0
2024-10-10,45.25,43.54,46.2,42.9,348904.0,348904.0
2024-10-11,42.99,40.36,43.48,39.4,336276.0,336276.0
2024-10-14,40.91,41.56,41.72,39.76,283360.0,283360.0
2024-10-15,41.4,40.97,43.3,40.13,336975.0,336975.0
2024-10-16,39.93,39.58,40.66,39.21,236268.0,236268.0
2024-10-17,39.96,39.18,40.43,39.12,189741.0,189741.0
2024-10-18,39.19,42.03,43.97,38.87,394824.0,394824.0
2024-10-21,42.57,42.83,44.27,41.98,352847.0,352847.0
2024-10-22,42.4,43.74,44.05,42.03,316784.0,316784.0
2024-10-23,43.75,45.9,46.04,43.08,472975.0,472975.0
2024-10-24,45.0,42.83,45.2,42.8,327598.0,327598.0
2024-10-25,43.62,44.52,45.84,43.6,381303.0,381303.0
2024-10-28,43.7,43.43,43.9,42.78,278963.0,278963.0
2024-10-29,43.48,42.08,44.14,41.88,257871.0,257871.0
2024-10-30,41.5,40.9,41.89,40.26,244665.0,244665.0
2024-10-31,40.9,41.54,41.88,40.5,238681.0,238681.0
2024-11-01,41.55,42.59,44.43,41.0,435064.0,435064.0
2024-11-04,42.74,43.02,43.5,41.57,271308.0,271308.0
2024-11-05,43.0,44.48,44.76,42.39,369107.0,369107.0
2024-11-06,45.7,47.0,49.32,45.7,626857.0,626857.0
2024-11-07,50.0,49.38,51.0,47.22,698826.0,698826.0
2024-11-08,49.67,52.12,57.0,49.67,744634.0,744634.0
2024-11-11,51.19,54.1,55.22,51.07,676371.0,676371.0
2024-11-12,54.11,50.8,54.8,50.37,541718.0,541718.0
2024-11-13,50.8,51.45,52.8,49.66,393665.0,393665.0
2024-11-14,52.04,48.62,52.36,48.48,356426.0,356426.0
2024-11-15,48.0,47.14,49.95,47.14,324532.0,324532.0
2024-11-18,47.9,47.33,49.28,46.5,303636.0,303636.0
2024-11-19,46.52,49.48,49.81,45.43,369142.0,369142.0
2024-11-20,48.99,49.77,51.37,48.48,354547.0,354547.0
2024-11-21,49.1,48.89,49.83,48.11,228734.0,228734.0
2024-11-22,48.78,46.45,48.79,46.45,242383.0,242383.0
2024-11-25,46.7,47.35,48.18,46.69,242622.0,242622.0
2024-11-26,47.0,44.7,47.0,44.62,245222.0,245222.0
2024-11-27,44.62,45.66,45.7,43.08,212109.0,212109.0
2024-11-28,45.55,44.8,45.96,44.77,152609.0,152609.0
2024-11-29,44.59,45.87,46.29,44.09,188538.0,188538.0
2024-12-02,45.51,46.46,46.6,45.01,169911.0,169911.0
2024-12-03,46.8,45.79,46.8,45.26,139888.0,139888.0
2024-12-04,45.38,44.75,45.58,44.49,143796.0,143796.0
2024-12-05,44.61,45.17,45.46,44.41,121358.0,121358.0
2024-12-06,44.85,45.84,46.38,44.21,165276.0,165276.0
2024-12-09,45.4,45.25,46.14,44.78,120877.0,120877.0
2024-12-10,46.8,44.26,47.0,44.12,235091.0,235091.0
2024-12-11,44.0,43.96,44.47,43.73,123556.0,123556.0
2024-12-12,43.95,44.05,44.64,43.6,137714.0,137714.0
2024-12-13,43.81,42.78,43.81,42.7,180429.0,180429.0
2024-12-16,42.78,42.06,42.89,41.6,120090.0,120090.0
2024-12-17,42.07,41.98,42.8,41.9,110111.0,110111.0
2024-12-18,42.31,41.74,42.46,41.62,84315.0,84315.0
2024-12-19,41.19,41.75,41.89,41.0,88618.0,88618.0
2024-12-20,41.8,41.95,42.36,41.6,92630.0,92630.0
2024-12-23,42.0,42.0,42.98,41.76,130325.0,130325.0
2024-12-24,41.96,42.42,42.68,41.73,95478.0,95478.0
2024-12-25,42.33,41.29,42.4,41.1,89420.0,89420.0
2024-12-26,41.1,41.3,41.94,41.1,82073.0,82073.0
2024-12-27,41.23,41.7,42.16,41.1,97323.0,97323.0
2024-12-30,41.51,42.11,42.2,41.3,88157.0,88157.0
2024-12-31,42.11,40.28,42.22,40.11,116368.0,116368.0
2025-01-02,40.28,38.89,40.5,38.36,117252.0,117252.0
2025-01-03,38.86,37.4,39.12,37.24,103599.0,103599.0
2025-01-06,37.5,37.61,38.08,37.16,85470.0,85470.0
2025-01-07,37.6,38.09,38.09,37.29,77273.0,77273.0
2025-01-08,37.94,37.63,37.94,36.3,102149.0,102149.0
2025-01-09,37.37,37.69,38.08,37.28,74859.0,74859.0
2025-01-10,37.69,36.58,38.01,36.58,68953.0,68953.0
2025-01-13,36.4,37.25,37.61,36.2,88436.0,88436.0
2025-01-14,37.19,38.84,38.94,36.96,123183.0,123183.0
2025-01-15,38.98,38.63,39.07,38.4,83134.0,83134.0
2025-01-16,38.8,38.48,39.43,38.08,81710.0,81710.0
2025-01-17,37.9,37.88,38.45,37.33,109879.0,109879.0
2025-01-20,38.33,38.36,39.13,38.2,84995.0,84995.0
2025-01-21,38.6,37.75,38.79,37.56,70321.0,70321.0
2025-01-22,37.6,37.37,37.7,37.21,63136.0,63136.0
2025-01-23,38.0,37.19,38.76,37.19,94614.0,94614.0
2025-01-24,37.18,37.65,37.9,36.97,72258.0,72258.0
2025-01-27,38.0,36.9,38.13,36.9,81240.0,81240.0
2025-02-05,36.9,37.05,37.35,36.8,58750.0,58750.0
2025-02-06,36.92,39.98,40.19,36.8,222141.0,222141.0
2025-02-07,39.9,40.37,40.75,39.57,204680.0,204680.0
2025-02-10,40.11,40.4,40.49,39.72,135222.0,135222.0
2025-02-11,40.43,40.06,40.55,39.51,106581.0,106581.0
2025-02-12,39.75,41.32,41.57,39.7,202520.0,202520.0
2025-02-13,41.28,42.13,43.75,41.1,316539.0,316539.0
2025-02-14,41.8,42.88,43.65,41.61,218189.0,218189.0
2025-02-17,43.2,42.08,43.42,41.82,202374.0,202374.0
2025-02-18,42.4,43.62,45.02,42.4,426636.0,426636.0
2025-02-19,42.8,43.79,43.79,42.36,251068.0,251068.0
2025-02-20,43.99,43.33,44.0,42.83,171130.0,171130.0
2025-02-21,43.35,44.77,45.53,43.2,330353.0,330353.0
2025-02-24,44.31,44.17,45.1,43.39,236861.0,236861.0
2025-02-25,43.3,42.69,44.01,42.5,229206.0,229206.0
2025-02-26,42.82,43.55,44.3,42.82,216610.0,216610.0
2025-02-27,43.79,45.25,46.64,43.79,425444.0,425444.0
2025-02-28,45.0,44.99,47.5,44.56,430432.0,430432.0
2025-03-03,45.6,48.49,49.5,45.6,579467.0,579467.0
2025-03-04,47.36,46.46,47.5,45.14,443760.0,443760.0
2025-03-05,46.0,45.02,46.0,44.4,270234.0,270234.0
2025-03-06,45.45,45.97,46.58,45.11,278198.0,278198.0
2025-03-07,45.3,44.19,45.3,43.85,255835.0,255835.0
2025-03-10,44.28,44.79,45.19,44.19,161757.0,161757.0
2025-03-11,45.79,46.24,48.0,45.5,321148.0,321148.0
2025-03-12,46.23,46.34,47.46,45.79,270113.0,270113.0
2025-03-13,46.0,45.1,46.99,44.75,222975.0,222975.0
2025-03-14,44.97,45.34,45.77,43.7,214342.0,214342.0
2025-03-17,45.86,45.13,45.86,44.69,135741.0,135741.0
2025-03-18,45.27,45.15,46.36,45.07,163854.0,163854.0
2025-03-19,44.77,44.13,44.77,44.0,157491.0,157491.0
2025-03-20,44.1,43.3,44.17,43.23,133322.0,133322.0
2025-03-21,43.19,42.15,43.55,42.14,127215.0,127215.0
2025-03-24,42.48,42.49,42.8,41.3,121282.0,121282.0
2025-03-25,42.54,42.71,43.1,42.1,104015.0,104015.0
2025-03-26,42.7,42.17,42.95,42.15,84433.0,84433.0
2025-03-27,41.8,41.96,42.72,41.6,78253.0,78253.0
2025-03-28,41.83,42.6,42.98,41.75,109538.0,109538.0
2025-03-31,42.25,41.52,42.63,41.06,103718.0,103718.0
2025-04-01,41.52,40.85,41.75,40.68,91086.0,91086.0
2025-04-02,40.73,41.2,42.12,40.71,88097.0,88097.0
2025-04-03,40.77,40.43,41.41,40.18,81456.0,81456.0
2025-04-07,38.0,34.81,38.88,33.47,244324.0,244324.0
2025-04-08,35.88,35.65,36.37,34.69,150776.0,150776.0
2025-04-09,35.01,36.42,36.78,33.6,158925.0,158925.0
2025-04-10,37.64,36.98,38.08,36.95,140061.0,140061.0
2025-04-11,36.77,37.11,37.62,36.52,95837.0,95837.0
2025-04-14,37.72,37.59,38.23,37.58,89763.0,89763.0
2025-04-15,37.59,38.11,39.12,37.59,133369.0,133369.0
2025-04-16,37.75,37.47,38.25,37.0,89419.0,89419.0
2025-04-17,37.35,37.12,37.76,37.08,60131.0,60131.0
2025-04-18,37.1,37.5,37.63,36.86,56512.0,56512.0
2025-04-21,37.38,38.17,38.17,37.11,71774.0,71774.0
2025-04-22,38.0,37.66,38.1,37.63,58749.0,58749.0
2025-04-23,38.01,37.94,38.22,37.64,73036.0,73036.0
2025-04-24,37.94,37.44,38.38,37.41,77214.0,77214.0
2025-04-25,37.8,37.73,38.25,37.58,71633.0,71633.0
2025-04-28,37.62,37.25,37.82,37.21,49601.0,49601.0
2025-04-29,37.15,37.37,37.73,37.15,47484.0,47484.0
2025-04-30,37.22,37.87,38.15,37.22,71145.0,71145.0
2025-05-06,38.15,39.07,39.08,38.15,94715.0,94715.0
2025-05-07,39.6,39.08,39.89,38.74,98953.0,98953.0
2025-05-08,38.89,39.6,39.88,38.8,89695.0,89695.0
2025-05-09,39.51,40.0,40.31,39.1,104935.0,104935.0
2025-05-12,40.89,40.69,41.07,40.42,141862.0,141862.0
2025-05-13,40.9,40.33,41.06,40.14,94551.0,94551.0
2025-05-14,40.21,40.59,40.83,40.0,85437.0,85437.0
2025-05-15,40.31,39.54,40.59,39.51,80415.0,80415.0
2025-05-16,39.5,39.39,39.84,39.33,50376.0,50376.0
2025-05-19,39.5,39.3,39.66,38.91,50091.0,50091.0
2025-05-20,39.09,39.53,39.93,39.01,66694.0,66694.0
2025-05-21,39.41,41.49,42.66,39.35,329545.0,329545.0
2025-05-22,41.2,39.91,41.23,39.85,176443.0,176443.0
2025-05-23,39.76,39.06,40.37,38.99,111476.0,111476.0
2025-05-26,38.88,38.9,39.01,38.46,75163.0,75163.0
2025-05-27,38.83,39.11,39.92,38.36,109860.0,109860.0
2025-05-28,39.0,38.07,39.29,38.01,99046.0,99046.0
2025-05-29,38.0,38.55,38.58,37.95,69417.0,69417.0
2025-05-30,38.32,37.94,38.34,37.86,57090.0,57090.0
2025-06-03,37.67,37.82,38.15,37.61,50343.0,50343.0
2025-06-04,38.0,38.58,39.15,37.95,94494.0,94494.0
2025-06-05,38.55,38.6,38.72,38.13,63681.0,63681.0
2025-06-06,38.61,38.79,39.27,38.51,83136.0,83136.0
2025-06-09,38.65,39.5,39.6,38.63,99643.0,99643.0
2025-06-10,39.75,39.93,41.34,39.69,244800.0,244800.0
2025-06-11,40.1,40.27,41.31,39.9,189819.0,189819.0
2025-06-12,39.94,40.9,41.3,39.88,178204.0,178204.0
2025-06-13,40.46,39.99,40.88,39.91,132963.0,132963.0
2025-06-16,39.7,40.19,40.36,39.69,80399.0,80399.0
2025-06-17,40.27,40.7,41.23,40.12,155679.0,155679.0
2025-06-18,40.57,40.57,40.8,39.84,117473.0,117473.0
2025-06-19,40.35,40.1,41.48,39.87,170932.0,170932.0
2025-06-20,40.11,39.9,41.01,39.89,145289.0,145289.0
2025-06-23,39.5,41.29,41.31,39.39,191793.0,191793.0
2025-06-24,41.9,43.69,43.85,41.4,396840.0,396840.0
2025-06-25,43.5,43.84,44.14,43.06,350055.0,350055.0
2025-06-26,43.41,44.16,45.26,43.26,397402.0,397402.0
2025-06-27,44.35,43.76,45.69,43.66,294016.0,294016.0
2025-06-30,43.85,43.87,44.2,43.1,203088.0,203088.0
2025-07-01,43.83,43.3,43.87,42.44,189411.0,189411.0
2025-07-02,43.18,42.93,43.26,42.5,128315.0,128315.0
2025-07-03,43.0,43.05,43.44,42.3,171212.0,171212.0
2025-07-04,43.0,42.27,43.0,42.03,140647.0,140647.0
2025-07-07,42.18,42.11,42.49,41.95,82403.0,82403.0
2025-07-08,42.08,42.57,42.79,42.02,134052.0,134052.0
2025-07-09,42.7,41.98,42.93,41.88,144030.0,144030.0
2025-07-10,41.9,42.29,42.45,41.71,96015.0,96015.0
2025-07-11,42.24,42.54,42.97,41.77,159459.0,159459.0
2025-07-14,42.54,42.41,43.17,42.27,116048.0,116048.0
2025-07-15,42.34,41.73,42.62,41.37,138408.0,138408.0
2025-07-16,41.85,42.05,42.69,41.75,95657.0,
2025-07-17,41.88,42.54,42.68,41.77,136039.0,
2025-07-18,42.54,42.56,43.28,42.5,161180.0,
2025-07-21,42.62,42.71,42.82,42.3,111065.0,
2025-07-22,42.71,43.28,43.72,42.48,221479.0,
2025-07-23,43.21,42.64,43.34,42.52,144994.0,
2025-07-24,42.59,43.84,43.99,42.55,229744.0,
2025-07-25,43.95,43.35,44.09,43.27,142787.0,
2025-07-28,43.38,43.53,43.95,43.13,135215.0,
2025-07-29,43.25,43.44,43.78,42.97,133709.0,
2025-07-30,43.5,42.18,43.5,41.88,158794.0,
2025-07-31,42.15,41.25,42.46,41.03,157048.0,
2025-08-01,41.22,41.38,41.65,41.12,83765.0,
